1701354899800
1701354902840
1701354904320
1701354908760
1701354910280
1701354915000
1701354917000
1701354918680
1701354919960
1701354924280
1701354925960
1701354926160
1701354928280
1701354929360
1701354929440
1701354930960
1701354931120
1701354931800
1701354934520
1701354934960
1701354935120
1701354935280
1701354936240
1701354937280
1701354937360
1701354938600
1701354940840
1701354941200
1701354941400
1701354942000
1701354942520
1701354943720
1701354944440
1701354944560
1701354945520
1701354945960
1701354946080
1701354946280
1701354946360
1701354947600
1701354947680
1701354948720
1701354949160
1701354949840
1701354950480
1701354951400
1701354951920
1701354952680
1701354952880
1701354954560
1701354955120
1701354955240
1701354955280
1701354955560
1701354956240
1701354957920
1701354958040
1701354958280
1701354958840
1701354959160
1701354959600
1701354959680
1701354959960
1701354961120
1701354961720
1701354961840
1701354962120
1701354963160
1701354964160
1701354964320
1701354964520
1701354964760
1701354965400
1701354965920
1701354966400
1701354966960
1701354967720
1701354969040
1701354974560
1701354975560
1701354975680
1701354976440
1701354977800
1701354978880
1701354980400
1701354981560
1701354982840
1701354983400
1701354984640
1701354984960
1701354985280
1701354985640
1701354985680
1701354985880
1701354986720
1701354988360
1701354988800
1701354989120
1701354992440
1701354992960
1701354993640
1701354998440
1701354998720
1701355001640
1701355001920
1701355005680
1701355006160
1701355006200
1701355006360
1701355006760
1701355007400
1701355007760
1701355009800
1701355011440
1701355014840
1701355018320
1701355019720
1701355020600
1701355020720
1701355021320
1701355022720
1701355023600
1701355023760
1701355024480
1701355024680
1701355025240
1701355026240
1701355027480
1701355027760
1701355028000
1701355028560
1701355030240
1701355030440
1701355030520
1701355031880
1701355032040
1701355033920
1701355038080
1701355038360
1701355040760
1701355046560
1701355048560
1701355048960
1701355049040
1701355049600
1701355050240
1701355051640
1701355052520
1701355053640
1701355057800
1701355058120
1701355058440
1701355058640
1701355058920
1701355059640
1701355061200
1701355061440
1701355062560
1701355065040
1701355068000
1701355068840
1701355070680
1701355070920
1701355071120
1701355072640
1701355074760
1701355075720
1701355076160
1701355079760
1701355081600
1701355082600
1701355085600
1701355087920
1701355088680
1701355089120
1701355090400
1701355094480
1701355098400
1701355100040
1701355100280
1701355100880
1701355102240
1701355102800
1701355103120
1701355103560
1701355104840
1701355105120
1701355105440
1701355106600
1701355107200
1701355107680
1701355112120
1701355113480
1701355114440
1701355115160
1701355115320
1701355115440
1701355116400
1701355117240
1701355119200
1701355119640
1701355120680
1701355120720
1701355122040
1701355122320
1701355122600
1701355122680
1701355123520
1701355124480
1701355124760
1701355125000
1701355126280
1701355126440
1701355127640
1701355129160
1701355131520
1701355131800
1701355132320
1701355136120
1701355140560
1701355140720
1701355141600
1701355142840
1701355144400
1701355145040
1701355145880
1701355146560
1701355148320
1701355151000
1701355152440
1701355152920
1701355153760
1701355154440
1701355155200
1701355155400
1701355155920
1701355156240
1701355158920
1701355159040
1701355160040
1701355162080
1701355162520
1701355162560
1701355163360
1701355165080
1701355168120
1701355168240
1701355170560
1701355172480
1701355177840
1701355179840
1701355179880
1701355180200
1701355181320
1701355181760
1701355182680
1701355182800
1701355183120
1701355185160
1701355185200
1701355186760
1701355189240
1701355189600
1701355190280
1701355190640
1701355195320
1701355198000
1701355198680
1701355199320
1701355199400
1701355200000
1701355200560
1701355202000
1701355203760
1701355206120
1701355207280
1701355208200
1701355211760
1701355212040
1701355214760
1701355215240
1701355217000
1701355218200
1701355220080
1701355222840
1701355225440
1701355229920
1701355230120
1701355230960
1701355233680
1701355234120
1701355237120
1701355237480
1701355238080
1701355239440
1701355239880
1701355242480
1701355242600
1701355246640
1701355246880
1701355247120
1701355247720
1701355248120
1701355248960
1701355249200
1701355254320
1701355255520
1701355255720
1701355256080
1701355258560
1701355258800
1701355259440
1701355261160
1701355262200
1701355264240
1701355265400
1701355266400
1701355266800
1701355268400
1701355268600
1701355269480
1701355273040
1701355274760
1701355275560
1701355277120
1701355277200
1701355277480
1701355277680
1701355278080
1701355278440
1701355279320
1701355281080
1701355282160
1701355282960
1701355284760
1701355285720
1701355286400
1701355287080
1701355287360
1701355289920
1701355290000
1701355290640
1701355291240
1701355292600
1701355293680
1701355293960
1701355294080
1701355294440
1701355297040
1701355297120
1701355297600
1701355297800
1701355298360
1701355299720
1701355301920
1701355304640
1701355305080
1701355305960
1701355308440
1701355311240
1701355311280
1701355312320
1701355316080
1701355316520
1701355316960
1701355319360
1701355319640
1701355319760
1701355319920
1701355320080
1701355323000
1701355324040
1701355324320
1701355325400
1701355326200
1701355327280
1701355331560
1701355331600
1701355334520
1701355335680
1701355336120
1701355337000
1701355337440
1701355337640
1701355338720
1701355340120
1701355341000
1701355341640
1701355343520
1701355343840
1701355345000
1701355346440
1701355348720
1701355350280
1701355351400
1701355351800
1701355352920
1701355355200
1701355356440
1701355358440
1701355359160
1701355359400
1701355359560
1701355365440
1701355365800
1701355367920
1701355368200
1701355369120
1701355370680
1701355370840
1701355370920
1701355372480
1701355372760
1701355374120
1701355376400
1701355377680
1701355378600
1701355379560
1701355379800
1701355380440
1701355381560
1701355381960
1701355383040
1701355385080
1701355385280
1701355388560
1701355388960
1701355389240
1701355391400
1701355391760
1701355391920
1701355392960
1701355393560
1701355393840
1701355396480
1701355398280
1701355400000
1701355400040
1701355400400
1701355400440
1701355401040
1701355401400
1701355401560
1701355403840
1701355404560
1701355405520
1701355408480
1701355409080
1701355409920
1701355413080
1701355414400
1701355415960
1701355417160
1701355417320
1701355421440
1701355422880
1701355423440
1701355425160
1701355425880
1701355426960
1701355427280
1701355429640
1701355432200
1701355432480
1701355432880
1701355435280
1701355436960
1701355437520
1701355437560
1701355437960
1701355439960
1701355441160
1701355441880
1701355443160
1701355444400
1701355444760
1701355445080
1701355445720
1701355446240
1701355446920
1701355447040
1701355447480
1701355447560
1701355448000
1701355448200
1701355450160
1701355452720
1701355452880
1701355452960
1701355453600
1701355453800
1701355454280
1701355458480
1701355459600
1701355465080
1701355466480
1701355469600
1701355470200
1701355471000
1701355472160
1701355472320
1701355474000
1701355474160
1701355474440
1701355476160
1701355477560
1701355479520
1701355479880
1701355480960
1701355481080
1701355481760
1701355483720
1701355484920
1701355488400
1701355488520
1701355489400
1701355492400
1701355493360
1701355493640
1701355494680
1701355494800
1701355495080
1701355498920
1701355504440
1701355504800
1701355505560
1701355507200
1701355509360
1701355510120
1701355510960
1701355511600
1701355512080
1701355512120
1701355512200
1701355514200
1701355514720
1701355514960
1701355515080
1701355516400
1701355518160
1701355519480
1701355519680
1701355519840
1701355520280
1701355521360
1701355523880
1701355525040
1701355525160
1701355527680
1701355528040
1701355528400
1701355529360
1701355530320
1701355530560
1701355531880
1701355533560
1701355535040
1701355535560
1701355536960
1701355537600
1701355538440
1701355538720
1701355539280
1701355539720
1701355541200
1701355543320
1701355543680
1701355544520
1701355545480
1701355546120
1701355546440
1701355547440
1701355549600
1701355549920
1701355550440
1701355551840
1701355552560
1701355554400
1701355557680
1701355559880
1701355562240
1701355562320
1701355563520
1701355566080
1701355566800
1701355567320
1701355568240
1701355569920
1701355571480
1701355571640
1701355572080
1701355573280
1701355573600
1701355573640
1701355573920
1701355573960
1701355575200
1701355575280
1701355576320
1701355577600
1701355578400
1701355578440
1701355580240
1701355584120
1701355585000
1701355586120
1701355586800
1701355589280
1701355589800
1701355589920
1701355590680
1701355591920
1701355592920
1701355596320
1701355596600
1701355597360
1701355598000
1701355598320
1701355603040
1701355603160
1701355603920
1701355606000
1701355606080
1701355608360
1701355609160
1701355609440
1701355612480
1701355612880
1701355613160
1701355613240
1701355615320
1701355616600
1701355617480
1701355618520
1701355618840
1701355619920
1701355620120
1701355620920
1701355621960
1701355622200
1701355623680
1701355624280
1701355624680
1701355628080
1701355629600
1701355629720
1701355629840
1701355631240
1701355632200
1701355634200
1701355634360
1701355635160
1701355637240
1701355638400
1701355638640
1701355640240
1701355641200
1701355644440
1701355645400
1701355647120
1701355648400
1701355648600
1701355648720
1701355652120
1701355652520
1701355653560
1701355655080
1701355655680
1701355657200
1701355659720
1701355660920
1701355661640
1701355663880
1701355665040
1701355665720
1701355667520
1701355667640
1701355669760
1701355670600
1701355671120
1701355672360
1701355672560
1701355672840
1701355674000
1701355675560
1701355676200
1701355676800
1701355678920
1701355680080
1701355686240
1701355686880
1701355689240
1701355690880
1701355691600
1701355701040
1701355701880
1701355702280
1701355702600
1701355704120
1701355704400
1701355707040
1701355708080
1701355708480
1701355709920
1701355711040
1701355711080
1701355713160
1701355713680
1701355715560
1701355715680
1701355716480
1701355716920
1701355717200
1701355717480
1701355718320
1701355720760
1701355723000
1701355727280
1701355727320
1701355729200
1701355730600
1701355730680
1701355735120
1701355735360
1701355737200
1701355742160
1701355743200
1701355743760
1701355745200
1701355746280
1701355747160
1701355747560
1701355748160
1701355750440
1701355752200
1701355752360
1701355753520
1701355755360
1701355755560
1701355756680
1701355759680
1701355761120
1701355763200
1701355763360
1701355767880
1701355768400
1701355768720
1701355770240
1701355770560
1701355771040
1701355771360
1701355771760
1701355772040
1701355772440
1701355773120
1701355773160
1701355775760
1701355775840
1701355776680
1701355779280
1701355780000
1701355783000
1701355784680
1701355786240
1701355786320
1701355786520
1701355786640
1701355788280
1701355791400
1701355794080
1701355794400
1701355795000
1701355796920
1701355798120
1701355798520
1701355798760
1701355799200
1701355799880
1701355800040
1701355800240
1701355800960
1701355801800
1701355802320
1701355802560
1701355802960
1701355803600
1701355806120
1701355806680
1701355806880
1701355809520
1701355809760
1701355811680
1701355813200
1701355814440
1701355814880
1701355815040
1701355815840
1701355816280
1701355818800
1701355819760
1701355820960
1701355821080
1701355821720
1701355822400
1701355822720
1701355823080
1701355825040
1701355825080
1701355826880
1701355827680
1701355829000
1701355829160
1701355831800
1701355833400
1701355834040
1701355834360
1701355837920
1701355838280
1701355839080
1701355840080
1701355842240
1701355843560
1701355844080
1701355844440
1701355846480
1701355848120
1701355848280
1701355853600
1701355853680
1701355858080
1701355858120
1701355858520
1701355861080
1701355864480
1701355864680
1701355864960
1701355867280
1701355867680
1701355868360
1701355868800
1701355868960
1701355870880
1701355871000
1701355871240
1701355872160
1701355874240
1701355874920
1701355875400
1701355875600
1701355877120
1701355877240
1701355877920
1701355881640
1701355884520
1701355885800
1701355885840
1701355887000
1701355887120
1701355888160
1701355889480
1701355889520
1701355892800
1701355893640
1701355893680
1701355893760
1701355897240
1701355897480
1701355898120
1701355898680
1701355899080
1701355899760
1701355900480
1701355901360
1701355901720
1701355903160
1701355903520
1701355903720
1701355903760
1701355905480
1701355906160
1701355907160
1701355907320
1701355907960
1701355908080
1701355908640
1701355909520
1701355909680
1701355909840
1701355910200
1701355911320
1701355911480
1701355912080
1701355914800
1701355915440
1701355915600
1701355918960
1701355919560
1701355920240
1701355920760
1701355923200
1701355924320
1701355926200
1701355926440
1701355926840
1701355929440
1701355930160
1701355932680
1701355933360
1701355933600
1701355934600
1701355934800
1701355936200
1701355936480
1701355936640
1701355937120
1701355938000
1701355938040
1701355939160
1701355941360
1701355941520
1701355943240
1701355943440
1701355943520
1701355944760
1701355947080
1701355947800
1701355948720
1701355950080
1701355951840
1701355952040
1701355952920
1701355953200
1701355955040
1701355955280
1701355956520
1701355958080
1701355958880
1701355959200
1701355964880
1701355966920
1701355967640
1701355968000
1701355968040
1701355973120
1701355973240
1701355975640
1701355975760
1701355976040
1701355976920
1701355978240
1701355979240
1701355979560
1701355980640
1701355984080
1701355984480
1701355987120
1701355988320
1701355989800
1701355990160
1701355992840
1701355993120
1701355993400
1701355993560
1701355995280
1701355996080
1701355998120
1701355998560
1701360000120
1701360001520
1701360001600
1701360001680
1701360001920
1701360002400
1701360002800
1701360003440
1701360003600
1701360003840
1701360004640
1701360006680
1701360007440
1701360008080
1701360008360
1701360008440
1701360008600
1701360008840
1701360009080
1701360011000
1701360012080
1701360012640
1701360012840
1701360013920
1701360015600
1701360016040
1701360016360
1701360016400
1701360016720
1701360017440
1701360018240
1701360019240
1701360020000
1701360021560
1701360021640
1701360022320
1701360025720
1701360027400
1701360027480
1701360027720
1701360027760
1701360028120
1701360028640
1701360030080
1701360030360
1701360030440
1701360030560
1701360031480
1701360031560
1701360033320
1701360033360
1701360033440
1701360033480
1701360033880
1701360036200
1701360037600
1701360037840
1701360041000
1701360042000
1701360042400
1701360043040
1701360045960
1701360046200
1701360047040
1701360047240
1701360047360
1701360047760
1701360048760
1701360050120
1701360050200
1701360050520
1701360050840
1701360051040
1701360053000
1701360053480
1701360053560
1701360055640
1701360058200
1701360060080
1701360060560
1701360060720
1701360061080
1701360062760
1701360063480
1701360065920
1701360066080
1701360067160
1701360068160
1701360070440
1701360071440
1701360071680
1701360072160
1701360072720
1701360075200
1701360075640
1701360076400
1701360080320
1701360080640
1701360081400
1701360081680
1701360082360
1701360083440
1701360090840
1701360091800
1701360092040
1701360093480
1701360093800
1701360094080
1701360094720
1701360095520
1701360095720
1701360097320
1701360097840
1701360098840
1701360100240
1701360100360
1701360101360
1701360101600
1701360101880
1701360106000
1701360106960
1701360107440
1701360107520
1701360109120
1701360109920
1701360111160
1701360111560
1701360112240
1701360112360
1701360113520
1701360113800
1701360114960
1701360116200
1701360116480
1701360117360
1701360119160
1701360119400
1701360120480
1701360121120
1701360121360
1701360121760
1701360121880
1701360123680
1701360123960
1701360124000
1701360124280
1701360124960
1701360125240
1701360125760
1701360128080
1701360128160
1701360129120
1701360131040
1701360131200
1701360131600
1701360133120
1701360133400
1701360133520
1701360134880
1701360135200
1701360137360
1701360137920
1701360138800
1701360139400
1701360143520
1701360145240
1701360146440
1701360148920
1701360149360
1701360149800
1701360150440
1701360150840
1701360150880
1701360151200
1701360153360
1701360153560
1701360154880
1701360155200
1701360158560
1701360159200
1701360160440
1701360161600
1701360161920
1701360164520
1701360164720
1701360166200
1701360166560
1701360166600
1701360167240
1701360167800
1701360168800
1701360169400
1701360169440
1701360169640
1701360169720
1701360170520
1701360171240
1701360171440
1701360173240
1701360173840
1701360174960
1701360175200
1701360181200
1701360182920
1701360184600
1701360186080
1701360187560
1701360189800
1701360190400
1701360191240
1701360192120
1701360192640
1701360192840
1701360194920
1701360198880
1701360199080
1701360208600
1701360210120
1701360210240
1701360210720
1701360211720
1701360212080
1701360213160
1701360213600
1701360214200
1701360214360
1701360214880
1701360220280
1701360220320
1701360220480
1701360222600
1701360222920
1701360223320
1701360223520
1701360223760
1701360223800
1701360225880
1701360226560
1701360227160
1701360227520
1701360228000
1701360228360
1701360228880
1701360229560
1701360229880
1701360230760
1701360231480
1701360231560
1701360234560
1701360235120
1701360236320
1701360237160
1701360240440
1701360241200
1701360241680
1701360242240
1701360242640
1701360243000
1701360243280
1701360243760
1701360243840
1701360244240
1701360244360
1701360245560
1701360248640
1701360248760
1701360249280
1701360252760
1701360253200
1701360253280
1701360253720
1701360257400
1701360258520
1701360259040
1701360259720
1701360260720
1701360263040
1701360263440
1701360264520
1701360265240
1701360265400
1701360265520
1701360266240
1701360266680
1701360269240
1701360271320
1701360271360
1701360271960
1701360272880
1701360274120
1701360274320
1701360275960
1701360278640
1701360279120
1701360280560
1701360280640
1701360281400
1701360282160
1701360284680
1701360285400
1701360285880
1701360286800
1701360287000
1701360287720
1701360287760
1701360290400
1701360290440
1701360292240
1701360293360
1701360293560
1701360293600
1701360293640
1701360294440
1701360294680
1701360295480
1701360296920
1701360299800
1701360299880
1701360300080
1701360300360
1701360301280
1701360301920
1701360304280
1701360304640
1701360307560
1701360309920
1701360309960
1701360310160
1701360313600
1701360313800
1701360313960
1701360315640
1701360316680
1701360316920
1701360318120
1701360321960
1701360324000
1701360324400
1701360324520
1701360325160
1701360327920
1701360328960
1701360329000
1701360329040
1701360329360
1701360329480
1701360329560
1701360330000
1701360332360
1701360332880
1701360334000
1701360334640
1701360335240
1701360336160
1701360336200
1701360338840
1701360338880
1701360341120
1701360341160
1701360343320
1701360344520
1701360344640
1701360345160
1701360345200
1701360345720
1701360346280
1701360348200
1701360348600
1701360349160
1701360349960
1701360350400
1701360351080
1701360353080
1701360354640
1701360356040
1701360356960
1701360357040
1701360357440
1701360358560
1701360358680
1701360358960
1701360359360
1701360359920
1701360360440
1701360361560
1701360362800
1701360363360
1701360363960
1701360368240
1701360368520
1701360369560
1701360370400
1701360370440
1701360371720
1701360372360
1701360374040
1701360374320
1701360375440
1701360376720
1701360378400
1701360378880
1701360380000
1701360381720
1701360382680
1701360383040
1701360383320
1701360384400
1701360385040
1701360385400
1701360387560
1701360387680
1701360387880
1701360390920
1701360392800
1701360392880
1701360393160
1701360393200
1701360393840
1701360394200
1701360394240
1701360394720
1701360394920
1701360395640
1701360396360
1701360399560
1701360399800
1701360400920
1701360400960
1701360401560
1701360401600
1701360406400
1701360406640
1701360406840
1701360406920
1701360410800
1701360410840
1701360415760
1701360416360
1701360418360
1701360419080
1701360421280
1701360421760
1701360421800
1701360422560
1701360424360
1701360425000
1701360425160
1701360426680
1701360426720
1701360429440
1701360430720
1701360431000
1701360431920
1701360432400
1701360433600
1701360433800
1701360434800
1701360435280
1701360436200
1701360436320
1701360436760
1701360436960
1701360437280
1701360437960
1701360438400
1701360438920
1701360440080
1701360440320
1701360441000
1701360441320
1701360441520
1701360441960
1701360442000
1701360442200
1701360446960
1701360447080
1701360447280
1701360447680
1701360448280
1701360449960
1701360452840
1701360453200
1701360453480
1701360453600
1701360454560
1701360455240
1701360455320
1701360455440
1701360455600
1701360458480
1701360458800
1701360459240
1701360460640
1701360461000
1701360461760
1701360461960
1701360462400
1701360462680
1701360464080
1701360464120
1701360466960
1701360467720
1701360467800
1701360468520
1701360470360
1701360470400
1701360470520
1701360470720
1701360470800
1701360470920
1701360471600
1701360471880
1701360473760
1701360476200
1701360477440
1701360478280
1701360479040
1701360480120
1701360480320
1701360481400
1701360481520
1701360481600
1701360481680
1701360482080
1701360482480
1701360483440
1701360484200
1701360484520
1701360485000
1701360485200
1701360485280
1701360485560
1701360489360
1701360490480
1701360492560
1701360494240
1701360494480
1701360496760
1701360497240
1701360499080
1701360499360
1701360500000
1701360501520
1701360501600
1701360502080
1701360503160
1701360503280
1701360504280
1701360504480
1701360505160
1701360507960
1701360509800
1701360510120
1701360510160
1701360510560
1701360510680
1701360510840
1701360512760
1701360513400
1701360513640
1701360514160
1701360514760
1701360515800
1701360516400
1701360517720
1701360518680
1701360520680
1701360520720
1701360521080
1701360521800
1701360522960
1701360523080
1701360525480
1701360526240
1701360526520
1701360527960
1701360528280
1701360528520
1701360530200
1701360532080
1701360533280
1701360534800
1701360537360
1701360537680
1701360540520
1701360540960
1701360542960
1701360544800
1701360545600
1701360546000
1701360546200
1701360546320
1701360546560
1701360546720
1701360547840
1701360549640
1701360549760
1701360550360
1701360552160
1701360552800
1701360555240
1701360555280
1701360557400
1701360560720
1701360563200
1701360563440
1701360569960
1701360572040
1701360572120
1701360572920
1701360574160
1701360575960
1701360576000
1701360576400
1701360577080
1701360578280
1701360578760
1701360579040
1701360579160
1701360580000
1701360580320
1701360580440
1701360582960
1701360583320
1701360584760
1701360585000
1701360587920
1701360588440
1701360588920
1701360590440
1701360590960
1701360593120
1701360594600
1701360595360
1701360599000
1701360603960
1701360604040
1701360604760
1701360608080
1701360608440
1701360609920
1701360610760
1701360612640
1701360613120
1701360613840
1701360614800
1701360615280
1701360615560
1701360615600
1701360615760
1701360616560
1701360617560
1701360618120
1701360619080
1701360619200
1701360620840
1701360621080
1701360621360
1701360621680
1701360622280
1701360622480
1701360623280
1701360623600
1701360623840
1701360624080
1701360624240
1701360624560
1701360630920
1701360631360
1701360631680
1701360632360
1701360632800
1701360633280
1701360635160
1701360635600
1701360636560
1701360639200
1701360640360
1701360641640
1701360642320
1701360642800
1701360646080
1701360646360
1701360647080
1701360648280
1701360648520
1701360648800
1701360648960
1701360649360
1701360650240
1701360650880
1701360651920
1701360652440
1701360652520
1701360652960
1701360653720
1701360654760
1701360655840
1701360656880
1701360658160
1701360658600
1701360660680
1701360660920
1701360662560
1701360663040
1701360663080
1701360663480
1701360664040
1701360664320
1701360665800
1701360666080
1701360666240
1701360666320
1701360666960
1701360667240
1701360667360
1701360669280
1701360669320
1701360672920
1701360676680
1701360676840
1701360677080
1701360677200
1701360677600
1701360678240
1701360680360
1701360680640
1701360680680
1701360681840
1701360682400
1701360682880
1701360684200
1701360685880
1701360687760
1701360688880
1701360692280
1701360692320
1701360693960
1701360695000
1701360695520
1701360695920
1701360698160
1701360698800
1701360700000
1701360704640
1701360706120
1701360706880
1701360707160
1701360709000
1701360709600
1701360710280
1701360712920
1701360714520
1701360716040
1701360717040
1701360717760
1701360719160
1701360721280
1701360721360
1701360723160
1701360725160
1701360727840
1701360729520
1701360731120
1701360734600
1701360735320
1701360737600
1701360738400
1701360738680
1701360741000
1701360742640
1701360742960
1701360743400
1701360743440
1701360743920
1701360745360
1701360745560
1701360746000
1701360746640
1701360746680
1701360746920
1701360748760
1701360748800
1701360749560
1701360751440
1701360751840
1701360753160
1701360753200
1701360753760
1701360754800
1701360754840
1701360755720
1701360756360
1701360757200
1701360757480
1701360757800
1701360757840
1701360758840
1701360758960
1701360759120
1701360760200
1701360760280
1701360760880
1701360761600
1701360763400
1701360764280
1701360764760
1701360766800
1701360768560
1701360769200
1701360770760
1701360771080
1701360771360
1701360772000
1701360772240
1701360773080
1701360774520
1701360775200
1701360775680
1701360775920
1701360776200
1701360777760
1701360778520
1701360778800
1701360779080
1701360779640
1701360779800
1701360780480
1701360782120
1701360783000
1701360783040
1701360783080
1701360785840
1701360786360
1701360786560
1701360786920
1701360787000
1701360789880
1701360790600
1701360791520
1701360792240
1701360794320
1701360796280
1701360796320
1701360797200
1701360797520
1701360797880
1701360798080
1701360798560
1701360798760
1701360799120
1701360802880
1701360803280
1701360804840
1701360807640
1701360807840
1701360808160
1701360808320
1701360808960
1701360811000
1701360813000
1701360813160
1701360814560
1701360816040
1701360816200
1701360821120
1701360822120
1701360822560
1701360823520
1701360823840
1701360828800
1701360829120
1701360830160
1701360830320
1701360832560
1701360834200
1701360835840
1701360838000
1701360838040
1701360838680
1701360839280
1701360839400
1701360839560
1701360839800
1701360840320
1701360840400
1701360840480
1701360840800
1701360840880
1701360841240
1701360841560
1701360843920
1701360844120
1701360844480
1701360844600
1701360845320
1701360845720
1701360848200
1701360849120
1701360851600
1701360852080
1701360853120
1701360853320
1701360854560
1701360854760
1701360856240
1701360858000
1701360858040
1701360858360
1701360859240
1701360861760
1701360864680
1701360865400
1701360867440
1701360869400
1701360871040
1701360871120
1701360871840
1701360871960
1701360876000
1701360876440
1701360876560
1701360877160
1701360877720
1701360881920
1701360883960
1701360884760
1701360886600
1701360886800
1701360886840
1701360887240
1701360887800
1701360888120
1701360889280
1701360889720
1701360890080
1701360891680
1701360892920
1701360895120
1701360895520
1701360895680
1701360898480
1701360899600
1701360900880
1701360901160
1701360902880
1701360905280
1701360905680
1701360906960
1701360907000
1701360908080
1701360908520
1701360908720
1701360910360
1701360913880
1701360914320
1701360915000
1701360915200
1701360916440
1701360916680
1701360919720
1701360919760
1701360920440
1701360920600
1701360920880
1701360921800
1701360925440
1701360926160
1701360928600
1701360931480
1701360931920
1701360932800
1701360933080
1701360933200
1701360934440
1701360935120
1701360937680
1701360941600
1701360941960
1701360942280
1701360942480
1701360944880
1701360945000
1701360947640
1701360947880
1701360948200
1701360948360
1701360949880
1701360951080
1701360952720
1701360952960
1701360953240
1701360953320
1701360954800
1701360956040
1701360956160
1701360956440
1701360956760
1701360957040
1701360959440
1701360960760
1701360965440
1701360965880
1701360966080
1701360966360
1701360966400
1701360967160
1701360967800
1701360967920
1701360968080
1701360968160
1701360969280
1701360969720
1701360971120
1701360971480
1701360971560
1701360972640
1701360973560
1701360974120
1701360974760
1701360974960
1701360975000
1701360975200
1701360975880
1701360976040
1701360976640
1701360978800
1701360982040
1701360982600
1701360983160
1701360984040
1701360984920
1701360985000
1701360985760
1701360986000
1701360987200
1701360987320
1701360988040
1701360988360
1701360988480
1701360989320
1701360991080
1701360992440
1701360992520
1701360993440
1701360993720
1701360993840
1701360994040
1701360994520
1701360995240
1701360997480
1701360998880
1701360999720
1701361002360
1701361002720
1701361003160
1701361004280
1701361005160
1701361006440
1701361008680
1701361009280
1701361009520
1701361014320
1701361014640
1701361014680
1701361015640
1701361017680
1701361017760
1701361020080
1701361024680
1701361024760
1701361027840
1701361028400
1701361030240
1701361030760
1701361031880
1701361032320
1701361032520
1701361032680
1701361033800
1701361036160
1701361037880
1701361038160
1701361038360
1701361041000
1701361041240
1701361041320
1701361043000
1701361045480
1701361045600
1701361047080
1701361048320
1701361048800
1701361050000
1701361051320
1701361051760
1701361052040
1701361052960
1701361053200
1701361053440
1701361054200
1701361054600
1701361054680
1701361055960
1701361058680
1701361059760
1701361060040
1701361060400
1701361060440
1701361063400
1701361064320
1701361066560
1701361066600
1701361066840
1701361067960
1701361068200
1701361068840
1701361068880
1701361069760
1701361070840
1701361071600
1701361071760
1701361072160
1701361074920
1701361076640
1701361076920
1701361084080
1701361084920
1701361087560
1701361089120
1701361090400
1701361090920
1701361094560
1701361095600
1701361096720
1701361098560
1701361099160
1701361100440
1701361102200
1701361102360
1701361104120
1701361105320
1701361106320
1701361107600
1701361108800
1701361109720
1701361110280
1701361110760
1701361111320
1701361113400
1701361116040
1701361116080
1701361116280
1701361118040
1701361119040
1701361120520
1701361123600
1701361124680
1701361124760
1701361125120
1701361125560
1701361125640
1701361131000
1701361132560
1701361132800
1701361133200
1701361135560
1701361135960
1701361136040
1701361137880
1701361137960
1701361138440
1701361138760
1701361140280
1701361140480
1701361140920
1701361141600
1701361142280
1701361143360
1701361144560
1701361146600
1701361147000
1701361147600
1701361147640
1701361147880
1701361148280
1701361148400
1701361148520
1701361149600
1701361151080
1701361152400
1701361152640
1701361154280
1701361156040
1701361156800
1701361158000
1701361158160
1701361160200
1701361164040
1701361167120
1701361168560
1701361169400
1701361171080
1701361171120
1701361172320
1701361173520
1701361174080
1701361174200
1701361175200
1701361175440
1701361177160
1701361177480
1701361180200
1701361180440
1701361180840
1701361183240
1701361183680
1701361183880
1701361183960
1701361184360
1701361184960
1701361187760
1701361188480
1701361188720
1701361189280
1701361189960
1701361190080
1701361190400
1701361191080
1701361191160
1701361192960
1701361196040
1701361197800
1701361198680
1701361199360
1701361201600
1701361203120
1701361203360
1701361204320
1701361205080
1701361205680
1701361206320
1701361206840
1701361206960
1701361207440
1701361209920
1701361212960
1701361214440
1701361215200
1701361215240
1701361215560
1701361219000
1701361225920
1701361226200
1701361226800
1701361228120
1701361228280
1701361228960
1701361229280
1701361231120
1701361231800
1701361232200
1701361232520
1701361234080
1701361236120
1701361236560
1701361236600
1701361236720
1701361236880
1701361237880
1701361238200
1701361238480
1701361239240
1701361240080
1701361241120
1701361241280
1701361243040
1701361243760
1701361244000
1701361244280
1701361244360
1701361244400
1701361245080
1701361245880
1701361246240
1701361247280
1701361248480
1701361250080
1701361250440
1701361250600
1701361252880
1701361253200
1701361254640
1701361254800
1701361255200
1701361255520
1701361257240
1701361257440
1701361259960
1701361261120
1701361262000
1701361262280
1701361262520
1701361263240
1701361263680
1701361263840
1701361264520
1701361265200
1701361265280
1701361265320
1701361265400
1701361268360
1701361268600
1701361269640
1701361270760
1701361274040
1701361274480
1701361275720
1701361275840
1701361278600
1701361279480
1701361279960
1701361280160
1701361280280
1701361280440
1701361280480
1701361282280
1701361282920
1701361283320
1701361284440
1701361285360
1701361286480
1701361290680
1701361292160
1701361292280
1701361293680
1701361296560
1701361297760
1701361298080
1701361299120
1701361299880
1701361300640
1701361302400
1701361302560
1701361303560
1701361306360
1701361307640
1701361308480
1701361309840
1701361313560
1701361313880
1701361314000
1701361314400
1701361315080
1701361317160
1701361317680
1701361318160
1701361318200
1701361319240
1701361319560
1701361319760
1701361319960
1701361321320
1701361321840
1701361322200
1701361323720
1701361324120
1701361325320
1701361326080
1701361326640
1701361329920
1701361329960
1701361330000
1701361331000
1701361336240
1701361336520
1701361337520
1701361337560
1701361337880
1701361338880
1701361340120
1701361340520
1701361341720
1701361341920
1701361342080
1701361344640
1701361344720
1701361345040
1701361347760
1701361348640
1701361349080
1701361349280
1701361355440
1701361355600
1701361355920
1701361356520
1701361357600
1701361357720
1701361357880
1701361358760
1701361359840
1701361360240
1701361360880
1701361360920
1701361362440
1701361362800
1701361362920
1701361363400
1701361363640
1701361365000
1701361367200
1701361367400
1701361368440
1701361369280
1701361369960
1701361370800
1701361373040
1701361373120
1701361373560
1701361374400
1701361375560
1701361375720
1701361378560
1701361378720
1701361378760
1701361381080
1701361381360
1701361381400
1701361381720
1701361381920
1701361383200
1701361383480
1701361384520
1701361385200
1701361385800
1701361386280
1701361386680
1701361391040
1701361392520
1701361393480
1701361394080
1701361394280
1701361394560
1701361395920
1701361398080
1701361398400
1701361399280
1701361399440
1701361401160
1701361401200
1701361401440
1701361403840
1701361404520
1701361404600
1701361405240
1701361405320
1701361407880
1701361408200
1701361408800
1701361410560
1701361413680
1701361414120
1701361416080
1701361416600
1701361416920
1701361420560
1701361421600
1701361423480
1701361424280
1701361424400
1701361424680
1701361424920
1701361425960
1701361426200
1701361426240
1701361427400
1701361427440
1701361428440
1701361430320
1701361431720
1701361433040
1701361435120
1701361437360
1701361438000
1701361438040
1701361438680
1701361439200
1701361439480
1701361439960
1701361440080
1701361440400
1701361440440
1701361443600
1701361444560
1701361444960
1701361446320
1701361446960
1701361447120
1701361447360
1701361448560
1701361448880
1701361449560
1701361451440
1701361453200
1701361453960
1701361454320
1701361457280
1701361458280
1701361460480
1701361461240
1701361463360
1701361465480
1701361468040
1701361471720
1701361472080
1701361473240
1701361474520
1701361474720
1701361475360
1701361475480
1701361475600
1701361476880
1701361478080
1701361478720
1701361479560
1701361481000
1701361481040
1701361482000
1701361483400
1701361483840
1701361488840
1701361489960
1701361491640
1701361491680
1701361493720
1701361495320
1701361495840
1701361497040
1701361497200
1701361497360
1701361497720
1701361498720
1701361499160
1701361500880
1701361501200
1701361501440
1701361504160
1701361505520
1701361508240
1701361508800
1701361510760
1701361511120
1701361512400
1701361513200
1701361514040
1701361514280
1701361517080
1701361520480
1701361521240
1701361524480
1701361524680
1701361525400
1701361525760
1701361526960
1701361527360
1701361527480
1701361527520
1701361527800
1701361529240
1701361529520
1701361529760
1701361532080
1701361532640
1701361536240
1701361536480
1701361538400
1701361538880
1701361538920
1701361539280
1701361540400
1701361541200
1701361541280
1701361541320
1701361541440
1701361542080
1701361543200
1701361544240
1701361545040
1701361547960
1701361548520
1701361548960
1701361549120
1701361549640
1701361550360
1701361550960
1701361551960
1701361553760
1701361554920
1701361557280
1701361558240
1701361561000
1701361561320
1701361563360
1701361564640
1701361564800
1701361565920
1701361567880
1701361568120
1701361568520
1701361569880
1701361570240
1701361570400
1701361571000
1701361573320
1701361573960
1701361576600
1701361577200
1701361577240
1701361577840
1701361579760
1701361582680
1701361582720
1701361584680
1701361585280
1701361585440
1701361586800
1701361588760
1701361589520
1701361589800
1701361593040
1701361593160
1701361593560
1701361595400
1701361595680
1701361595880
1701361598320
1701361598440
1701361599600
1701361599840
1701361602480
1701361605560
1701361607440
1701361607560
1701361608960
1701361609480
1701361611240
1701361611880
1701361612360
1701361613040
1701361613200
1701361617520
1701361618560
1701361618960
1701361620080
1701361622080
1701361623920
1701361624280
1701361625920
1701361626280
1701361627760
1701361628400
1701361629520
1701361632080
1701361632200
1701361632760
1701361633400
1701361633640
1701361633920
1701361634880
1701361637240
1701361638760
1701361638840
1701361639240
1701361639520
1701361639960
1701361640320
1701361640680
1701361641920
1701361643120
1701361643360
1701361643440
1701361645000
1701361645760
1701361645840
1701361645880
1701361646120
1701361646720
1701361647960
1701361648440
1701361649680
1701361651400
1701361652440
1701361653360
1701361655000
1701361655640
1701361656080
1701361656280
1701361658320
1701361658640
1701361658800
1701361659200
1701361660640
1701361661240
1701361662120
1701361662680
1701361663760
1701361664560
1701361666560
1701361667960
1701361670320
1701361670600
1701361670720
1701361670840
1701361672920
1701361673720
1701361673920
1701361675640
1701361677160
1701361678720
1701361679160
1701361679360
1701361680080
1701361681080
1701361681440
1701361682800
1701361683160
1701361683360
1701361683760
1701361684160
1701361684800
1701361684960
1701361686400
1701361688320
1701361688680
1701361688720
1701361688760
1701361688960
1701361689520
1701361689960
1701361690000
1701361690120
1701361691320
1701361691400
1701361692280
1701361692560
1701361693120
1701361693760
1701361693920
1701361694400
1701361696520
1701361698760
1701361699720
1701361702480
1701361702960
1701361703040
1701361703360
1701361704640
1701361704680
1701361705160
1701361706240
1701361707400
1701361708480
1701361708800
1701361711800
1701361713040
1701361715680
1701361716320
1701361716360
1701361716480
1701361717680
1701361719360
1701361721240
1701361721920
1701361722080
1701361722120
1701361723080
1701361723240
1701361724280
1701361725640
1701361726040
1701361726560
1701361726640
1701361727160
1701361731360
1701361732840
1701361735080
1701361735160
1701361735360
1701361737120
1701361737200
1701361737360
1701361740720
1701361741360
1701361742160
1701361742480
1701361742680
1701361743120
1701361746400
1701361748960
1701361749600
1701361749760
1701361752560
1701361753600
1701361754200
1701361754720
1701361754800
1701361754960
1701361755000
1701361757160
1701361757520
1701361758240
1701361759480
1701361762280
1701361764160
1701361766280
1701361768600
1701361769120
1701361769520
1701361770960
1701361771040
1701361771600
1701361772640
1701361773640
1701361773960
1701361774920
1701361782040
1701361783880
1701361784120
1701361784720
1701361785080
1701361785640
1701361786640
1701361791160
1701361791440
1701361792400
1701361792520
1701361793680
1701361795160
1701361795240
1701361796880
1701361798880
1701361799400
1701361801440
1701361802920
1701361803680
1701361804720
1701361806800
1701361807200
1701361807280
1701361807960
1701361808040
1701361808760
1701361808880
1701361808960
1701361810480
1701361813840
1701361815240
1701361815280
1701361815400
1701361816920
1701361817200
1701361817720
1701361818000
1701361818040
1701361821000
1701361821240
1701361822000
1701361822320
1701361822440
1701361823120
1701361826000
1701361826200
1701361829680
1701361834920
1701361836240
1701361836280
1701361836320
1701361836800
1701361837400
1701361841240
1701361841280
1701361842400
1701361843840
1701361844160
1701361844240
1701361844640
1701361846400
1701361848240
1701361850320
1701361855080
1701361860240
1701361861240
1701361861320
1701361861520
1701361862960
1701361863200
1701361864000
1701361865320
1701361867200
1701361872080
1701361878760
1701361879320
1701361879640
1701361880280
1701361880320
1701361881360
1701361881600
1701361882720
1701361884080
1701361884360
1701361885240
1701361887920
1701361889200
1701361889280
1701361890160
1701361891000
1701361891360
1701361892160
1701361892520
1701361893360
1701361894960
1701361896960
1701361897480
1701361899680
1701361900760
1701361904880
1701361910240
1701361910640
1701361912160
1701361912920
1701361915520
1701361916560
1701361918920
1701361920120
1701361922400
1701361922480
1701361924760
1701361924840
1701361926160
1701361927160
1701361928480
1701361928520
1701361928560
1701361929960
1701361930200
1701361932640
1701361932920
1701361934960
1701361935680
1701361936760
1701361938040
1701361938400
1701361938760
1701361940400
1701361943960
1701361944160
1701361944360
1701361945680
1701361945880
1701361947120
1701361947360
1701361948080
1701361948840
1701361948880
1701361950200
1701361950760
1701361950960
1701361951400
1701361952400
1701361952720
1701361955320
1701361955480
1701361957080
1701361959800
1701361960120
1701361961120
1701361961240
1701361961360
1701361961560
1701361962200
1701361964400
1701361964680
1701361965360
1701361965680
1701361966960
1701361969720
1701361970880
1701361972000
1701361972760
1701361972840
1701361973640
1701361979600
1701361979760
1701361979920
1701361979960
1701361981480
1701361982600
1701361982640
1701361983360
1701361983480
1701361983840
1701361984560
1701361985200
1701361985600
1701361985920
1701361988120
1701361988360
1701361989160
1701361991280
1701361991600
1701361992120
1701361994520
1701361994920
1701361996480
1701361999400
1701362004440
1701362008200
1701362008400
1701362009160
1701362010120
1701362013000
1701362014640
1701362016520
1701362019240
1701362020680
1701362025400
1701362026800
1701362026880
1701362028040
1701362030080
1701362030160
1701362032920
1701362034080
1701362035640
1701362041200
1701362042320
1701362043240
1701362043920
1701362044080
1701362045520
1701362045600
1701362046080
1701362048920
1701362049000
1701362049160
1701362051280
1701362053400
1701362053440
1701362055160
1701362058760
1701362060040
1701362060400
1701362061680
1701362063960
1701362064000
1701362064280
1701362064520
1701362064760
1701362065840
1701362065920
1701362066680
1701362067040
1701362068040
1701362069320
1701362070200
1701362070880
1701362071240
1701362072000
1701362073080
1701362077040
1701362077960
1701362078000
1701362078480
1701362078520
1701362079800
1701362081080
1701362081520
1701362082080
1701362083160
1701362083520
1701362084400
1701362086720
1701362088400
1701362088680
1701362089000
1701362091280
1701362091320
1701362091480
1701362091720
1701362096520
1701362096680
1701362096800
1701362097240
1701362097600
1701362097760
1701362098280
1701362098800
1701362101560
1701362101880
1701362102160
1701362105640
1701362106400
1701362106880
1701362109720
1701362109760
1701362110600
1701362111560
1701362111920
1701362112320
1701362113080
1701362113200
1701362113800
1701362114600
1701362114920
1701362115000
1701362117520
1701362117840
1701362118200
1701362119280
1701362119320
1701362119800
1701362120160
1701362120760
1701362121400
1701362121640
1701362121840
1701362121960
1701362122560
1701362122760
1701362122920
1701362123440
1701362125560
1701362127280
1701362131880
1701362132960
1701362133360
1701362135360
1701362135560
1701362136120
1701362136160
1701362136240
1701362136560
1701362136840
1701362138400
1701362138760
1701362139120
1701362139680
1701362140960
1701362142480
1701362144600
1701362145920
1701362147080
1701362147920
1701362150440
1701362151800
1701362151960
1701362152320
1701362152520
1701362153200
1701362153320
1701362153480
1701362154040
1701362155520
1701362156680
1701362156960
1701362159280
1701362160440
1701362160520
1701362161800
1701362163920
1701362164160
1701362165520
1701362165800
1701362166840
1701362168520
1701362168880
1701362169400
1701362170360
1701362171680
1701362172960
1701362175720
1701362177280
1701362180280
1701362180520
1701362180960
1701362181000
1701362181360
1701362182040
1701362183120
1701362184160
1701362186600
1701362186720
1701362187120
1701362188440
1701362189360
1701362189440
1701362189480
1701362189720
1701362189760
1701362191680
1701362191720
1701362192320
1701362194800
1701362195320
1701362195920
1701362195960
1701362196280
1701362196840
1701362197880
1701362200080
1701362200400
1701362200720
1701362200840
1701362201560
1701362202280
1701362202480
1701362208280
1701362208480
1701362208640
1701362208880
1701362211680
1701362213760
1701362214360
1701362216360
1701362216480
1701362216560
1701362219680
1701362219960
1701362220800
1701362221040
1701362221200
1701362225320
1701362231560
1701362233880
1701362235760
1701362236200
1701362240480
1701362241920
1701362242120
1701362242360
1701362243280
1701362243880
1701362245840
1701362247160
1701362247680
1701362247960
1701362248440
1701362249040
1701362249480
1701362254000
1701362254360
1701362255200
1701362257440
1701362258640
1701362259960
1701362262000
1701362262480
1701362263280
1701362264600
1701362265560
1701362268120
1701362268240
1701362268440
1701362270560
1701362271720
1701362271760
1701362271840
1701362272360
1701362272880
1701362273840
1701362274760
1701362275040
1701362276520
1701362276840
1701362277320
1701362277360
1701362278720
1701362279200
1701362281400
1701362281640
1701362283480
1701362285080
1701362286160
1701362286200
1701362287640
1701362288600
1701362290400
1701362290800
1701362290840
1701362291920
1701362292920
1701362294600
1701362294640
1701362294680
1701362296720
1701362297080
1701362297480
1701362297520
1701362303120
1701362303400
1701362304960
1701362305240
1701362307000
1701362307440
1701362307800
1701362308400
1701362310560
1701362312600
1701362314440
1701362315160
1701362315440
1701362316640
1701362318520
1701362318840
1701362319280
1701362320960
1701362321160
1701362322440
1701362323160
1701362323680
1701362325840
1701362326400
1701362326480
1701362327760
1701362327880
1701362328000
1701362328240
1701362328320
1701362329560
1701362330360
1701362331640
1701362331840
1701362333520
1701362333720
1701362336680
1701362336960
1701362337320
1701362337520
1701362339160
1701362342800
1701362344240
1701362344960
1701362345680
1701362346400
1701362347440
1701362348640
1701362350080
1701362350120
1701362352280
1701362352400
1701362352920
1701362354280
1701362355440
1701362355560
1701362356040
1701362357680
1701362358200
1701362358320
1701362359640
1701362361120
1701362361920
1701362362280
1701362362360
1701362363320
1701362363720
1701362365480
1701362366520
1701362366800
1701362369720
1701362370920
1701362371720
1701362372240
1701362372600
1701362374200
1701362374320
1701362374480
1701362375240
1701362376080
1701362376360
1701362376840
1701362377200
1701362377480
1701362378360
1701362378440
1701362378480
1701362379920
1701362380040
1701362380440
1701362382880
1701362382920
1701362384760
1701362385120
1701362385160
1701362385600
1701362385840
1701362386280
1701362386920
1701362390480
1701362391720
1701362391920
1701362392360
1701362393680
1701362394720
1701362397000
1701362399320
1701362401800
1701362402440
1701362402840
1701362402960
1701362403680
1701362405280
1701362407640
1701362408920
1701362409840
1701362411160
1701362412280
1701362413360
1701362413880
1701362414560
1701362414600
1701362416400
1701362418240
1701362420160
1701362420400
1701362420480
1701362423160
1701362424360
1701362424720
1701362424760
1701362425120
1701362425200
1701362427680
1701362428960
1701362430440
1701362430800
1701362430960
1701362431160
1701362432640
1701362433080
1701362434440
1701362436760
1701362437000
1701362439120
1701362439400
1701362439840
1701362440280
1701362442520
1701362443400
1701362445120
1701362445280
1701362445400
1701362448080
1701362448240
1701362448960
1701362449200
1701362449240
1701362451080
1701362452440
1701362452760
1701362453760
1701362454520
1701362454680
1701362454720
1701362456440
1701362457080
1701362457560
1701362459000
1701362459240
1701362459800
1701362459920
1701362461280
1701362461880
1701362462120
1701362462960
1701362463240
1701362464040
1701362465080
1701362466360
1701362468840
1701362470520
1701362472280
1701362472800
1701362473840
1701362474360
1701362475080
1701362475160
1701362475400
1701362475640
1701362476280
1701362477640
1701362477920
1701362478640
1701362482680
1701362483240
1701362483280
1701362485160
1701362487240
1701362488840
1701362489800
1701362493520
1701362493800
1701362494080
1701362494680
1701362495080
1701362498120
1701362499160
1701362499240
1701362504440
1701362505040
1701362507120
1701362507600
1701362508320
1701362508520
1701362508760
1701362509920
1701362510440
1701362510520
1701362512040
1701362512240
1701362514800
1701362516560
1701362516800
1701362517720
1701362518320
1701362518440
1701362518520
1701362519600
1701362523640
1701362525320
1701362526040
1701362526200
1701362527720
1701362527840
1701362529520
1701362530680
1701362531680
1701362531800
1701362531920
1701362532280
1701362539920
1701362541800
1701362542640
1701362543760
1701362543880
1701362544600
1701362546800
1701362548880
1701362548960
1701362549160
1701362550480
1701362551040
1701362553760
1701362554480
1701362554600
1701362562360
1701362566600
1701362566840
1701362566960
1701362567240
1701362567480
1701362572360
1701362572480
1701362573160
1701362573280
1701362577560
1701362580280
1701362583040
1701362584160
1701362584680
1701362588760
1701362590160
1701362591120
1701362591200
1701362592520
1701362593040
1701362594440
1701362595240
1701362597160
1701362598400
1701362603600
1701362605280
1701362607680
1701362609200
1701362609840
1701362610160
1701362612360
1701362614240
1701362614280
1701362616040
1701362616760
1701362617040
1701362617760
1701362619360
1701362619600
1701362620000
1701362620760
1701362624080
1701362625160
1701362634000
1701362634880
1701362636200
1701362637080
1701362637560
1701362638000
1701362638720
1701362639720
1701362642360
1701362645120
1701362645720
1701362650680
1701362652920
1701362657000
1701362658040
1701362658720
1701362659240
1701362659760
1701362660440
1701362669400
1701362669880
1701362671080
1701362671760
1701362675480
1701362675560
1701362677320
1701362678840
1701362679080
1701362680120
1701362682880
1701362686280
1701362686840
1701362688040
1701362689760
1701362690240
1701362690960
1701362691120
1701362695440
1701362698480
1701362698960
1701362699480
1701362700600
1701362702360
1701362702600
1701362702960
1701362703440
1701362708960
1701362709000
1701362714960
1701362716160
1701362719640
1701362719760
1701362720160
1701362720560
1701362721120
1701362722800
1701362723960
1701362724200
1701362725760
1701362725840
1701362726440
1701362728000
1701362728200
1701362728400
1701362728880
1701362729760
1701362734560
1701362737200
1701362737880
1701362738120
1701362739120
1701362739760
1701362740000
1701362740760
1701362742200
1701362744960
1701362745280
1701362746200
1701362748240
1701362748280
1701362748520
1701362749680
1701362750360
1701362751040
1701362751920
1701362752160
1701362752600
1701362755920
1701362756360
1701362758080
1701362758240
1701362759520
1701362760960
1701362762120
1701362762360
1701362765920
1701362766360
1701362766400
1701362766600
1701362767280
1701362767400
1701362771720
1701362772720
1701362773720
1701362774480
1701362775640
1701362778320
1701362781800
1701362782520
1701362784080
1701362784720
1701362785720
1701362786280
1701362787160
1701362788360
1701362789840
1701362792160
1701362792200
1701362792920
1701362793240
1701362793640
1701362794280
1701362794480
1701362798040
1701362800960
1701362801200
1701362801480
1701362801960
1701362802400
1701362802520
1701362802840
1701362804080
1701362805480
1701362805520
1701362805640
1701362812840
1701362813280
1701362813960
1701362816640
1701362817520
1701362817840
1701362818480
1701362821240
1701362822480
1701362827760
1701362828120
1701362828800
1701362834840
1701362835200
1701362835280
1701362835440
1701362835840
1701362835880
1701362836480
1701362837040
1701362837640
1701362838680
1701362840640
1701362842080
1701362843120
1701362844000
1701362844920
1701362845120
1701362850320
1701362850640
1701362851160
1701362853200
1701362854160
1701362857280
1701362858040
1701362860360
1701362861960
1701362862000
1701362863880
1701362863960
1701362864840
1701362864880
1701362865640
1701362867640
1701362873200
1701362873320
1701362873720
1701362874040
1701362879720
1701362879920
1701362880240
1701362889400
1701362891280
1701362893120
1701362893840
1701362898560
1701362902120
1701362902960
1701362903560
1701362905400
1701362905840
1701362906360
1701362907200
1701362907440
1701362907480
1701362908680
1701362910040
1701362915360
1701362915640
1701362918080
1701362920360
1701362921000
1701362922120
1701362925680
1701362927360
1701362928680
1701362929880
1701362931840
1701362935040
1701362935440
1701362937680
1701362944400
1701362952640
1701362954960
1701362955320
1701362956720
1701362956800
1701362960360
1701362965760
1701362965840
1701362965920
1701362966000
1701362967280
1701362969200
1701362970600
1701362971040
1701362971200
1701362974120
1701362974160
1701362975240
1701362977400
1701362979520
1701362983240
1701362983720
1701362984480
1701362985360
1701362985880
1701362987160
1701362988360
1701362992320
1701362992880
1701362993920
1701362995440
1701362997040
1701362998720
1701363000560
1701363001320
1701363003640
1701363004000
1701363004240
1701363005040
1701363005720
1701363006800
1701363013120
1701363013520
1701363015440
1701363016520
1701363016840
1701363017240
1701363017320
1701363017680
1701363020280
1701363026640
1701363028200
1701363028280
1701363030280
1701363032320
1701363032400
1701363033600
1701363033800
1701363034200
1701363034720
1701363036120
1701363036560
1701363038600
1701363038880
1701363040320
1701363040400
1701363042280
1701363047720
1701363048120
1701363048680
1701363053560
1701363053720
1701363055560
1701363056600
1701363058680
1701363059080
1701363063240
1701363063800
1701363064520
1701363066360
1701363067960
1701363068080
1701363069080
1701363069160
1701363069520
1701363073240
1701363074720
1701363075000
1701363075440
1701363076480
1701363077400
1701363079320
1701363079960
1701363083600
1701363084280
1701363084520
1701363084920
1701363086160
1701363087400
1701363088360
1701363089000
1701363089440
1701363091240
1701363091360
1701363093160
1701363094840
1701363095960
1701363097800
1701363097960
1701363098280
1701363098520
1701363100080
1701363101200
1701363105920
1701363108000
1701363109080
1701363110200
1701363110360
1701363110800
1701363113080
1701363113360
1701363113440
1701363113880
1701363114000
1701363116280
1701363116520
1701363117480
1701363118480
1701363121840
1701363124400
1701363125720
1701363126960
1701363127000
1701363133560
1701363134280
1701363135400
1701363135440
1701363137360
1701363137440
1701363137760
1701363139280
1701363140480
1701363140680
1701363142440
1701363146640
1701363147240
1701363149120
1701363150520
1701363151440
1701363151560
1701363153600
1701363153960
1701363154520
1701363154720
1701363156480
1701363157520
1701363158080
1701363158760
1701363159680
1701363159840
1701363162600
1701363163560
1701363165120
1701363165600
1701363170320
1701363171720
1701363172720
1701363173480
1701363174320
1701363174920
1701363176320
1701363176680
1701363178000
1701363178120
1701363178360
1701363178760
1701363178960
1701363179200
1701363181640
1701363182000
1701363182760
1701363183240
1701363183800
1701363183920
1701363184480
1701363187760
1701363187920
1701363188560
1701363190120
1701363190960
1701363195080
1701363195680
1701363196000
1701363196120
1701363196160
1701363196920
1701363200000
1701363204400
1701363209080
1701363209640
1701363210320
1701363211920
1701363215080
1701363217680
1701363218480
1701363219080
1701363220600
1701363222840
1701363223960
1701363224320
1701363224680
1701363228480
1701363229600
1701363230080
1701363231680
1701363233360
1701363233600
1701363234600
1701363236800
1701363238680
1701363240080
1701363243120
1701363243920
1701363244320
1701363246680
1701363247880
1701363249760
1701363250280
1701363252560
1701363257320
1701363258040
1701363261120
1701363262760
1701363262880
1701363263800
1701363265760
1701363267640
1701363271000
1701363271960
1701363272200
1701363272240
1701363272800
1701363273320
1701363273560
1701363274360
1701363274520
1701363277040
1701363278560
1701363278760
1701363280040
1701363281840
1701363284920
1701363285120
1701363285840
1701363286800
1701363288400
1701363288600
1701363288800
1701363289040
1701363290080
1701363290160
1701363290520
1701363291000
1701363291720
1701363297360
1701363298200
1701363298480
1701363298760
1701363300040
1701363301000
1701363305040
1701363306160
1701363307000
1701363307720
1701363308680
1701363310960
1701363312000
1701363312240
1701363313320
1701363313520
1701363318200
1701363319480
1701363321360
1701363323440
1701363323720
1701363323880
1701363324080
1701363328000
1701363328120
1701363328720
1701363329880
1701363337320
1701363340720
1701363341600
1701363342280
1701363342320
1701363342480
1701363346320
1701363349080
1701363349760
1701363350720
1701363350920
1701363351360
1701363351560
1701363352280
1701363352480
1701363355240
1701363356760
1701363356880
1701363357560
1701363358640
1701363359360
1701363359480
1701363359720
1701363360120
1701363360280
1701363362600
1701363362960
1701363363120
1701363363960
1701363364200
1701363364240
1701363364280
1701363365880
1701363367320
1701363367600
1701363372440
1701363373200
1701363373520
1701363374840
1701363375040
1701363375600
1701363377720
1701363378640
1701363379480
1701363382560
1701363382920
1701363383440
1701363383520
1701363383640
1701363384800
1701363384840
1701363385160
1701363388800
1701363389080
1701363389320
1701363389440
1701363389920
1701363390000
1701363391680
1701363391720
1701363391960
1701363392240
1701363392600
1701363393200
1701363393440
1701363393800
1701363394520
1701363394960
1701363395640
1701363395720
1701363396160
1701363396360
1701363396520
1701363397000
1701363397280
1701363398960
1701363399120
1701363399200
1701363399920
1701363402600
1701363402680
1701363403560
1701363407840
1701363408120
1701363408320
1701363408760
1701363412440
1701363412520
1701363412640
1701363412840
1701363416840
1701363418840
1701363419000
1701363419120
1701363419840
1701363420000
1701363420120
1701363420320
1701363420600
1701363422280
1701363422360
1701363423440
1701363423800
1701363424160
1701363424920
1701363425280
1701363426280
1701363426320
1701363427320
1701363427440
1701363427520
1701363427680
1701363430080
1701363430240
1701363432080
1701363432280
1701363432600
1701363436440
1701363436520
1701363436960
1701363437120
1701363438280
1701363438880
1701363439240
1701363441080
1701363441600
1701363444440
1701363444760
1701363446880
1701363446960
1701363447040
1701363447440
1701363447680
1701363447800
1701363447960
1701363448240
1701363448640
1701363449000
1701363449040
1701363450080
1701363452560
1701363452720
1701363453080
1701363453160
1701363453360
1701363454080
1701363454800
1701363455640
1701363455760
1701363455880
1701363456160
1701363456880
1701363457120
1701363457280
1701363459200
1701363461000
1701363461360
1701363462080
1701363464120
1701363464760
1701363465160
1701363465680
1701363466920
1701363467560
1701363467600
1701363469040
1701363469400
1701363469760
1701363470240
1701363470960
1701363471200
1701363471400
1701363472800
1701363473400
1701363474440
1701363475920
1701363478320
1701363481960
1701363482200
1701363482240
1701363483080
1701363483440
1701363487000
1701363487240
1701363488800
1701363494160
1701363494360
1701363494800
1701363495000
1701363496160
1701363496800
1701363497120
1701363497600
1701363497760
1701363498680
1701363498720
1701363499000
1701363500080
1701363502120
1701363502280
1701363503120
1701363503880
1701363504240
1701363504360
1701363504520
1701363505640
1701363506200
1701363506800
1701363506880
1701363507120
1701363507240
1701363509480
1701363509600
1701363509960
1701363511040
1701363513360
1701363517280
1701363517800
1701363518400
1701363519520
1701363520360
1701363520400
1701363520600
1701363521120
1701363521280
1701363522120
1701363522280
1701363524040
1701363524160
1701363527280
1701363527480
1701363528600
1701363529040
1701363533320
1701363534960
1701363535720
1701363535760
1701363536680
1701363536920
1701363537240
1701363537880
1701363538080
1701363540000
1701363540080
1701363541000
1701363543200
1701363543280
1701363543760
1701363546000
1701363546960
1701363547680
1701363549760
1701363550680
1701363551000
1701363551880
1701363553720
1701363555320
1701363555480
1701363555520
1701363556640
1701363556960
1701363558320
1701363562080
1701363564800
1701363564960
1701363565440
1701363565480
1701363568520
1701363569200
1701363569840
1701363570720
1701363571160
1701363573120
1701363573800
1701363574760
1701363575440
1701363575640
1701363575840
1701363577280
1701363579840
1701363586040
1701363587240
1701363587680
1701363589520
1701363590280
1701363591200
1701363591720
1701363592280
1701363592680
1701363593120
1701363594640
1701363594680
1701363594920
1701363596080
1701363596720
1701363599040
1701363599080
1701363599600
1701363601120
1701363602840
1701363604240
1701363606000
1701363608560
1701363610720
1701363610760
1701363611160
1701363611320
1701363615600
1701363616840
1701363617320
1701363617360
1701363619400
1701363619440
1701363620160
1701363620800
1701363620880
1701363621240
1701363621280
1701363622080
1701363622360
1701363624720
1701363626240
1701363629920
1701363630440
1701363630720
1701363631520
1701363632680
1701363632720
1701363634200
1701363634600
1701363636520
1701363637160
1701363642120
1701363642320
1701363642640
1701363644280
1701363644720
1701363644800
1701363645520
1701363645960
1701363647160
1701363647240
1701363647280
1701363648480
1701363649120
1701363649760
1701363650160
1701363652040
1701363658000
1701363658640
1701363660120
1701363660280
1701363660760
1701363665760
1701363665960
1701363667280
1701363668160
1701363670720
1701363670800
1701363674240
1701363675000
1701363677520
1701363677760
1701363678440
1701363679240
1701363680040
1701363685320
1701363686040
1701363687200
1701363690440
1701363693600
1701363694800
1701363695160
1701363696000
1701363697720
1701363698000
1701363699400
1701363701040
1701363701360
1701363701480
1701363704240
1701363704960
1701363705440
1701363705720
1701363705800
1701363706200
1701363707640
1701363710480
1701363711720
1701363712480
1701363712920
1701363713440
1701363714080
1701363714720
1701363715000
1701363715080
1701363715280
1701363716120
1701363716560
1701363717160
1701363718000
1701363718120
1701363718160
1701363719760
1701363721480
1701363721720
1701363722360
1701363723000
1701363724040
1701363725440
1701363726160
1701363726200
1701363726960
1701363728280
1701363728680
1701363731880
1701363732640
1701363733520
1701363736640
1701363737080
1701363737240
1701363737360
1701363737640
1701363738080
1701363738400
1701363738720
1701363739160
1701363740520
1701363741680
1701363743640
1701363743800
1701363743840
1701363745920
1701363747160
1701363747520
1701363747800
1701363747840
1701363748800
1701363751280
1701363751320
1701363753560
1701363754040
1701363754680
1701363756360
1701363757560
1701363758040
1701363758800
1701363759400
1701363760800
1701363762040
1701363762400
1701363764480
1701363765800
1701363766320
1701363766640
1701363767880
1701363768680
1701363768840
1701363769160
1701363769200
1701363769560
1701363769640
1701363771160
1701363771360
1701363772000
1701363773520
1701363774800
1701363777160
1701363777840
1701363780040
1701363781000
1701363781280
1701363781320
1701363786920
1701363787000
1701363788200
1701363788320
1701363790960
1701363794720
1701363797320
1701363797360
1701363797640
1701363798320
1701363801400
1701363801640
1701363802560
1701363809200
1701363809720
1701363810760
1701363810880
1701363811000
1701363811440
1701363812840
1701363814280
1701363816240
1701363816320
1701363817800
1701363818760
1701363819360
1701363819720
1701363819800
1701363820320
1701363820360
1701363822040
1701363825760
1701363825920
1701363826720
1701363827480
1701363829440
1701363831800
1701363833080
1701363833440
1701363835560
1701363836680
1701363837000
1701363837360
1701363837560
1701363840640
1701363841000
1701363841040
1701363841720
1701363841960
1701363844360
1701363844840
1701363845160
1701363846040
1701363846080
1701363847360
1701363847680
1701363848280
1701363849400
1701363849640
1701363851000
1701363851320
1701363852960
1701363853160
1701363853440
1701363854600
1701363855000
1701363856720
1701363858040
1701363859440
1701363860120
1701363862320
1701363862560
1701363863400
1701363863760
1701363865120
1701363867880
1701363870440
1701363870880
1701363873800
1701363875520
1701363877240
1701363877440
1701363879760
1701363881840
1701363882040
1701363882120
1701363883640
1701363884240
1701363884280
1701363884440
1701363885800
1701363886160
1701363886440
1701363886680
1701363887640
1701363888720
1701363889040
1701363889880
1701363890040
1701363890800
1701363891600
1701363891720
1701363891840
1701363892040
1701363892120
1701363894840
1701363895160
1701363897480
1701363897680
1701363899280
1701363899400
1701363901880
1701363901920
1701363903000
1701363903160
1701363904360
1701363905520
1701363905920
1701363905960
1701363906200
1701363907160
1701363907720
1701363908000
1701363908800
1701363910960
1701363911320
1701363911360
1701363911760
1701363913440
1701363915040
1701363915600
1701363915920
1701363916560
1701363916600
1701363917120
1701363920000
1701363920160
1701363920400
1701363920840
1701363921160
1701363922160
1701363922840
1701363922920
1701363925000
1701363928200
1701363928440
1701363929320
1701363935800
1701363936000
1701363937200
1701363939440
1701363940760
1701363944000
1701363944440
1701363944480
1701363946000
1701363946360
1701363947320
1701363950720
1701363950880
1701363953480
1701363955440
1701363955800
1701363956480
1701363957440
1701363957760
1701363957800
1701363960040
1701363960480
1701363960680
1701363962920
1701363964160
1701363964320
1701363965680
1701363966040
1701363967240
1701363969360
1701363970720
1701363971880
1701363973560
1701363973720
1701363974440
1701363975120
1701363979320
1701363981120
1701363981280
1701363981560
1701363982280
1701363982480
1701363982720
1701363985080
1701363985800
1701363988920
1701363989800
1701363996680
1701364000920
1701364006960
1701364007440
1701364007680
1701364007840
1701364007880
1701364008160
1701364008880
1701364009800
1701364010040
1701364011280
1701364012000
1701364012440
1701364014040
1701364014200
1701364014480
1701364014720
1701364015400
1701364016920
1701364019120
1701364019280
1701364019760
1701364021280
1701364021400
1701364021680
1701364022360
1701364022960
1701364025840
1701364026680
1701364027640
1701364028000
1701364028360
1701364028560
1701364030880
1701364031720
1701364031760
1701364034000
1701364034040
1701364034400
1701364036800
1701364036960
1701364037360
1701364039120
1701364039400
1701364039560
1701364039760
1701364042200
1701364043680
1701364044040
1701364047560
1701364048320
1701364050680
1701364054720
1701364061560
1701364062840
1701364063360
1701364064000
1701364064680
1701364065400
1701364065840
1701364066080
1701364072840
1701364072920
1701364074080
1701364074240
1701364074880
1701364075040
1701364075360
1701364075880
1701364077600
1701364078760
1701364078800
1701364079640
1701364082160
1701364082960
1701364085760
1701364087840
1701364090920
1701364092200
1701364093160
1701364093320
1701364093880
1701364094120
1701364094800
1701364094920
1701364095000
1701364095120
1701364095960
1701364097320
1701364098200
1701364098960
1701364099160
1701364099240
1701364099280
1701364100240
1701364100920
1701364101560
1701364102080
1701364102320
1701364102480
1701364104480
1701364105480
1701364105560
1701364105800
1701364106640
1701364107120
1701364108520
1701364112520
1701364114920
1701364115080
1701364116280
1701364117320
1701364117800
1701364118400
1701364119280
1701364119480
1701364126440
1701364126800
1701364129520
1701364129920
1701364130560
1701364131800
1701364132800
1701364134280
1701364134400
1701364136160
1701364136720
1701364137320
1701364143120
1701364146120
1701364147240
1701364147320
1701364148320
1701364148840
1701364149520
1701364149560
1701364149840
1701364155160
1701364155560
1701364155920
1701364155960
1701364158120
1701364172640
1701364172760
1701364175800
1701364178360
1701364178400
1701364180240
1701364180560
1701364183400
1701364183440
1701364183840
1701364186800
1701364186960
1701364187800
1701364187960
1701364188480
1701364188960
1701364189440
1701364189640
1701364195720
1701364197240
1701364197880
1701364197960
1701364198040
1701364199200
1701364201920
1701364203120
1701364204440
1701364205600
1701364208520
1701364209440
1701364209760
1701364210320
1701364211160
1701364212560
1701364213400
1701364213920
1701364215920
1701364216040
1701364216280
1701364216600
1701364221040
1701364223520
1701364223560
1701364223840
1701364224400
1701364224520
1701364226160
1701364226480
1701364226760
1701364227400
1701364229440
1701364230040
1701364230920
1701364231160
1701364231520
1701364231880
1701364232040
1701364232200
1701364232600
1701364233040
1701364234000
1701364235320
1701364236040
1701364239720
1701364241440
1701364243560
1701364243600
1701364244480
1701364244520
1701364244840
1701364245120
1701364245360
1701364247080
1701364248080
1701364250640
1701364250680
1701364251440
1701364251560
1701364251640
1701364251880
1701364252080
1701364252160
1701364252400
1701364253920
1701364256360
1701364256840
1701364257680
1701364258160
1701364258920
1701364259960
1701364264080
1701364264120
1701364264160
1701364264880
1701364265480
1701364265600
1701364266080
1701364266160
1701364266920
1701364269520
1701364269960
1701364270600
1701364271080
1701364272680
1701364272760
1701364273560
1701364273880
1701364273960
1701364276760
1701364281480
1701364283040
1701364283640
1701364286640
1701364287280
1701364289480
1701364293200
1701364293520